image_width: 1280
image_height: 720
camera_name: narrow_stereo
camera_matrix:
  rows: 3
  cols: 3
  data: [778.42086,   0.     , 649.52885,
           0.     , 774.01863, 391.30336,
           0.     ,   0.     ,   1.     ]
distortion_model: plumb_bob
distortion_coefficients:
  rows: 1
  cols: 5
  data: [-0.357317, 0.100409, -0.013500, 0.005165, 0.000000]
rectification_matrix:
  rows: 3
  cols: 3
  data: [1., 0., 0.,
         0., 1., 0.,
         0., 0., 1.]
projection_matrix:
  rows: 3
  cols: 4
  data: [549.66614,   0.     , 670.97871,   0.     ,
           0.     , 708.27197, 387.52634,   0.     ,
           0.     ,   0.     ,   1.     ,   0.     ]
